#CHR	POS	ID	REF	ALT	MAF	Trans	PCP	Beta	mBeta	ChisqTest	Pval_svt	Rank
15	38665706	rs79553437;15:38665706	T	C	1.393e-01	1	1.200e-03	-1.080e-01	-1.341e-01	8.976e+00	2.735e-03	9
15	38938174	rs28477135;15:38938174	G	A	1.804e-02	1	1.300e-03	7.367e-03	2.301e-02	2.641e-01	6.073e-01	4270
15	39149409	rs75919344;15:39149409	A	G	2.906e-02	1	1.200e-03	6.366e-03	1.853e-02	1.714e-01	6.789e-01	4902
15	39171857	rs6496014;15:39171857	C	T	7.224e-01	1	1.300e-03	5.244e-02	5.994e-02	1.793e+00	1.806e-01	1475
15	39243482	rs4244566;15:39243482	C	T	3.747e-01	1	1.100e-03	4.006e-02	1.039e-01	5.387e+00	2.029e-02	203
15	39265778	rs2411223;15:39265778	C	T	8.277e-01	1	1.100e-03	1.740e-02	6.599e-02	2.173e+00	1.405e-01	1230
15	39324880	rs11638316;15:39324880	A	C	4.118e-01	1	1.500e-03	6.099e-02	1.343e-01	9.000e+00	2.700e-03	8
15	39331120	rs151025531;15:39331120	A	G	2.906e-02	1	1.100e-03	-9.209e-03	-1.345e-01	9.030e+00	2.656e-03	6
15	39334326	rs17605994;15:39334326	C	T	3.106e-02	1	3.600e-03	-5.477e-02	-1.567e-01	1.225e+01	4.653e-04	3
15	39371206	rs2411245;15:39371206	A	T	4.659e-01	1	1.400e-03	1.906e-02	1.064e-01	5.645e+00	1.750e-02	172
15	39372060	rs12372998;15:39372060	C	T	4.659e-01	1	1.600e-03	1.906e-02	1.064e-01	5.645e+00	1.750e-02	174
15	39372061	rs12372999;15:39372061	C	T	5.090e-01	1	1.100e-03	1.530e-02	9.477e-02	4.482e+00	3.426e-02	380
15	39485016	rs117074140;15:39485016	T	C	2.906e-02	1	2.400e-03	-3.386e-02	-1.604e-01	1.283e+01	3.410e-04	0
15	39510030	rs117505383;15:39510030	C	A	2.906e-02	1	1.600e-03	-3.386e-02	-1.604e-01	1.283e+01	3.410e-04	1
15	39516214	rs146333101;15:39516214	A	G	2.906e-02	1	2.100e-03	-3.386e-02	-1.604e-01	1.283e+01	3.410e-04	2
15	40122373	rs770733;15:40122373	T	C	9.810e-01	1	1.400e-03	-1.616e-02	-2.381e-02	2.828e-01	5.949e-01	4187
15	40277603	rs28369403;15:40277603	G	A	2.605e-02	1	1.200e-03	1.034e-01	1.307e-01	8.521e+00	3.512e-03	22
19	1048691	rs143177112	C	T	3.106e-02	0	1.200e-03	-2.881e-02	-4.571e-02	1.042e+00	3.073e-01	1347
19	1146100	rs11667680	A	C	3.808e-02	0	1.100e-03	-3.447e-02	-6.558e-02	2.146e+00	1.429e-01	703
19	1348164	rs7260480	T	C	8.186e-01	0	1.600e-03	-4.292e-02	-1.550e-01	1.199e+01	5.362e-04	26
19	1348184	rs7260486	T	C	8.136e-01	0	1.800e-03	-4.774e-02	-1.585e-01	1.254e+01	3.986e-04	25
19	1348739	rs72981656	C	A	1.172e-01	0	6.800e-03	-3.353e-02	-1.783e-01	1.587e+01	6.776e-05	1
19	1348864	rs12609836	A	G	1.232e-01	0	3.400e-03	-1.146e-02	-1.720e-01	1.476e+01	1.220e-04	8
19	1350260	rs7246455	T	C	8.106e-01	0	1.800e-03	-2.592e-02	-1.487e-01	1.103e+01	8.970e-04	33
19	1352722	rs60871140	T	G	1.142e-01	0	5.100e-03	-2.487e-02	-1.769e-01	1.562e+01	7.750e-05	4
19	1355350	rs72981673	G	A	1.112e-01	0	3.900e-03	-2.304e-02	-1.737e-01	1.506e+01	1.040e-04	6
19	1357830	rs11554583	T	A	1.212e-01	0	8.100e-03	-2.705e-02	-1.776e-01	1.575e+01	7.248e-05	2
19	1358031	rs3216960	T	TG	1.212e-01	0	5.800e-03	-2.705e-02	-1.776e-01	1.575e+01	7.248e-05	3
19	1362707	rs56017423	G	A	1.112e-01	0	3.100e-03	-2.625e-02	-1.707e-01	1.455e+01	1.367e-04	16
19	1365046	rs11878677	G	A	1.102e-01	0	3.600e-03	-2.378e-02	-1.717e-01	1.471e+01	1.256e-04	10
19	1370516	rs73920446	C	T	1.022e-01	0	2.000e-03	1.699e-02	-1.524e-01	1.159e+01	6.616e-04	29
19	1375355	rs4011457	C	G	1.032e-01	0	1.600e-03	1.199e-02	-1.548e-01	1.195e+01	5.462e-04	27
19	1713143	rs11084907	G	C	7.916e-02	0	1.200e-03	1.958e-02	2.653e-02	3.513e-01	5.534e-01	2200
19	1782798	rs757528	A	G	3.547e-01	0	1.300e-03	-2.956e-02	-6.352e-02	2.014e+00	1.559e-01	749
19	1860409	rs150431611	C	CCTG	5.611e-02	0	1.800e-03	-5.158e-02	-1.715e-01	1.467e+01	1.281e-04	11
19	1900041	rs373449983	CTTTT	C	1.162e-01	0	1.500e-03	8.190e-05	-1.608e-01	1.291e+01	3.269e-04	24
19	1904612	rs754799	T	G	1.553e-01	0	1.100e-03	2.866e-02	-1.206e-01	7.252e+00	7.081e-03	87
19	1907191	rs7254955	A	G	1.092e-01	0	2.100e-03	5.609e-03	-1.655e-01	1.366e+01	2.190e-04	20
19	1907390	rs547484655	T	TAAA	1.142e-01	0	2.800e-03	2.145e-03	-1.634e-01	1.332e+01	2.622e-04	23
19	1907479	rs2028261	C	T	1.092e-01	0	2.200e-03	5.609e-03	-1.655e-01	1.366e+01	2.190e-04	21
19	1909597	rs73916820	C	T	1.122e-01	0	3.400e-03	-1.587e-02	-1.720e-01	1.477e+01	1.215e-04	7
19	1910106	rs7260336	A	C	1.142e-01	0	2.200e-03	-1.609e-03	-1.664e-01	1.382e+01	2.016e-04	19
19	1910360	rs7248579	T	C	1.102e-01	0	3.900e-03	-7.488e-03	-1.702e-01	1.445e+01	1.441e-04	17
19	1910574	rs553093552	CT	C	8.838e-01	0	4.700e-03	4.772e-02	1.784e-01	1.588e+01	6.748e-05	0
19	1911154	rs113813142	G	A	1.102e-01	0	3.600e-03	-7.488e-03	-1.702e-01	1.445e+01	1.441e-04	18
19	1912986	rs76159002	C	T	1.092e-01	0	3.000e-03	-3.519e-03	-1.714e-01	1.465e+01	1.292e-04	12
19	1913533	rs10424273	G	A	1.092e-01	0	2.100e-03	-3.519e-03	-1.714e-01	1.465e+01	1.292e-04	13
19	1916392	rs8109179	C	T	1.092e-01	0	4.100e-03	-3.519e-03	-1.714e-01	1.465e+01	1.292e-04	14
19	1916427	rs8109279	C	T	1.092e-01	0	3.100e-03	-3.519e-03	-1.714e-01	1.465e+01	1.292e-04	15
19	1916450	rs8109669	A	G	1.102e-01	0	3.600e-03	-1.034e-02	-1.718e-01	1.473e+01	1.240e-04	9
19	1917127	rs4806819	C	T	8.327e-01	0	1.700e-03	4.005e-02	1.407e-01	9.878e+00	1.672e-03	41
19	1922565	rs117960620	C	T	3.707e-02	0	4.700e-03	-5.292e-02	-1.751e-01	1.530e+01	9.191e-05	5
19	2025336	rs34140058	A	C	5.902e-01	0	1.800e-03	4.978e-02	1.148e-01	6.574e+00	1.035e-02	107
