#CHR	POS	ID	REF	ALT	MAF	Trans	CPP	Beta	mBeta	ChisqTest	Pval_svt	Rank
15	38791924	rs79191126;15:38791924	C	G	1.202e-02	1	1.500e-02	-2.427e-02	-3.976e-02	7.887e-01	3.745e-01	2670
15	39210294	rs12591604;15:39210294	T	A	1.172e-01	1	1.100e-02	-1.233e-02	-2.031e-02	2.058e-01	6.500e-01	4685
15	39248115	rs9920380;15:39248115	A	G	4.168e-01	1	1.160e-02	-2.254e-02	-4.348e-02	9.434e-01	3.314e-01	2443
15	39526683	rs6492865;15:39526683	A	C	2.415e-01	1	2.190e-02	-2.922e-02	-6.034e-02	1.817e+00	1.777e-01	1464
15	39530983	rs78559446;15:39530983	C	T	3.507e-02	1	1.090e-02	4.314e-02	8.859e-02	3.916e+00	4.782e-02	493
15	39594681	rs62002280;15:39594681	T	C	1.563e-01	1	1.400e-02	-4.271e-02	-9.396e-02	4.406e+00	3.582e-02	389
19	1352722	rs60871140	T	G	1.142e-01	0	1.900e-02	-3.364e-02	-1.769e-01	1.562e+01	7.750e-05	4
19	1355350	rs72981673	G	A	1.112e-01	0	1.410e-02	-3.206e-02	-1.737e-01	1.506e+01	1.040e-04	6
19	1357830	rs11554583	T	A	1.212e-01	0	1.250e-02	-3.749e-02	-1.776e-01	1.575e+01	7.248e-05	2
19	1358031	rs3216960	T	TG	1.212e-01	0	1.340e-02	-3.749e-02	-1.776e-01	1.575e+01	7.248e-05	3
19	1366422	rs2668418	C	G	7.725e-01	0	1.570e-02	-3.029e-02	-1.099e-01	6.022e+00	1.413e-02	132
19	1368398	rs2526136	A	G	7.725e-01	0	2.280e-02	-3.029e-02	-1.099e-01	6.022e+00	1.413e-02	133
19	1376059	rs4807905	C	T	1.032e-01	0	1.630e-02	-1.235e-02	-1.548e-01	1.195e+01	5.462e-04	28
19	1442042	rs1847602	T	A	3.096e-01	0	1.200e-02	-2.275e-02	-3.668e-02	6.713e-01	4.126e-01	1725
19	1860409	rs150431611	C	CCTG	5.611e-02	0	1.140e-02	-4.068e-02	-1.715e-01	1.467e+01	1.281e-04	11
19	1900041	rs373449983	CTTTT	C	1.162e-01	0	1.110e-02	-2.208e-02	-1.608e-01	1.291e+01	3.269e-04	24
19	1910574	rs553093552	CT	C	8.838e-01	0	1.570e-02	4.328e-02	1.784e-01	1.588e+01	6.748e-05	0
19	1912986	rs76159002	C	T	1.092e-01	0	1.280e-02	-2.931e-02	-1.714e-01	1.465e+01	1.292e-04	12
19	1922565	rs117960620	C	T	3.707e-02	0	1.020e-02	-5.041e-02	-1.751e-01	1.530e+01	9.191e-05	5
